1000000
2 2.4
-2 1 0.9 0 0 76 1
-1.997 0.99925 0.94925 0.0205113 0.00123498 38.9712 1
-1.99933 0.999833 0.9665 0.00506637 0.000342888 26.2181 1
-1.996 0.999 0.974 0.0255338 0.00157999 19.7316 1
-1.9946 0.9986 0.9786 0.0561976 0.00401581 15.8216 1
-1.996 0.999 0.982333 0.0308463 0.00193156 13.2109 1
-1.99771 0.999429 0.985143 0.0162304 0.00100708 11.3414 1
-1.99738 0.999313 0.986813 0.019695 0.00143936 9.93206 1
-1.99544 0.998833 0.987722 0.0330173 0.00225827 8.83136 1
-1.997 0.99925 0.98925 0.0205113 0.00123498 7.95524 1
-1.99745 0.999364 0.990318 0.0206309 0.00131507 7.20037 1
-1.99717 0.99925 0.990917 0.0222672 0.00174279 6.63565 1
-1.998 0.9995 0.991846 0.0142887 0.000940027 6.09749 1
-1.99621 0.999 0.991857 0.0317088 0.00228312 5.69045 1
-1.99667 0.999167 0.9925 0.0220889 0.00140922 5.3125 1
-1.99888 0.999719 0.993469 0.00860505 0.000490827 4.98346 1
-1.99565 0.998912 0.993029 0.0309269 0.00196769 4.68888 1
-1.99844 0.999611 0.994056 0.0131142 0.000801328 4.43119 1
-1.99758 0.999395 0.994132 0.0204971 0.00127193 4.19821 1
-1.99615 0.998975 0.993975 0.0397645 0.00302457 3.98892 1
-1.99633 0.999048 0.994286 0.0260089 0.00192967 3.79874 1
-1.99741 0.999318 0.994773 0.0254789 0.00184773 3.62746 1
-1.9967 0.99913 0.994783 0.0310916 0.00232936 3.46995 1
-1.99671 0.999125 0.994958 0.0307051 0.0023622 3.32581 1
-1.9972 0.9993 0.9953 0.0191882 0.00120781 3.19258 1
-1.99742 0.999346 0.9955 0.0196095 0.00129872 3.07027 1
-1.99704 0.999222 0.995519 0.0261173 0.00187231 2.95709 1
-1.99732 0.999321 0.99575 0.0212122 0.00137344 2.85151 1
-1.99741 0.999328 0.995879 0.0193266 0.00135481 2.75341 1
-1.99643 0.9991 0.995767 0.0293547 0.00183423 2.66168 1
-1.99635 0.999065 0.995839 0.0275855 0.0019302 2.57598 1
-1.99766 0.999391 0.996266 0.0196777 0.0013627 2.49593 1
-1.99645 0.999106 0.996076 0.0299233 0.00193865 2.42035 1
-1.99665 0.999162 0.996221 0.0261866 0.00164033 2.34917 1
-1.99697 0.999214 0.996357 0.0271905 0.00198692 2.28263 1
-1.99767 0.999389 0.996611 0.0218456 0.00159378 2.21938 1
-1.99678 0.999189 0.996486 0.0271709 0.00171704 2.15921 1
-1.99637 0.999066 0.996434 0.0258965 0.00179201 2.10234 1
-1.99679 0.999192 0.996641 0.0226585 0.00146511 2.03823 1
-1.99723 0.999275 0.996775 0.0238925 0.00183808 1.99789 1
-1.99678 0.999159 0.996732 0.0255708 0.00181884 1.9393 1
-1.99771 0.999417 0.997036 0.0198242 0.00130431 1.90265 1
-1.9967 0.999151 0.996826 0.0260481 0.00175768 1.85849 1
-1.99684 0.999205 0.996932 0.0242016 0.0015682 1.81623 1
-1.99776 0.999433 0.997211 0.0188932 0.00118749 1.77604 1
-1.99674 0.999174 0.997 0.026782 0.00167038 1.73748 1
-1.99677 0.999192 0.997064 0.0244393 0.0014109 1.70037 1
-1.99679 0.999187 0.997115 0.0277772 0.00167439 1.65693 1
-1.99702 0.999235 0.997194 0.0239391 0.00157969 1.63129 1
-1.99716 0.99928 0.99728 0.0229066 0.00113298 1.59842 1
-1.99647 0.999088 0.997137 0.0279276 0.00163767 1.55948 1
-1.99702 0.99924 0.997317 0.0235455 0.00126335 1.53713 1
-1.99674 0.999151 0.997264 0.0271444 0.00162813 1.50832 1
-1.99707 0.99925 0.997398 0.0245347 0.00139123 1.48041 1
-1.99745 0.999355 0.997536 0.0193809 0.000995469 1.45326 1
-1.99668 0.999152 0.997366 0.0274526 0.00166044 1.4277 1
-1.99689 0.999219 0.997465 0.0268362 0.00132113 1.4025 1
-1.9971 0.999267 0.997543 0.0250717 0.00127939 1.37841 1
-1.99693 0.999229 0.997542 0.0231203 0.00104141 1.34805 1
-1.9966 0.999133 0.997467 0.02813 0.00153547 1.33258 1
-1.99674 0.999156 0.997516 0.0301569 0.00180961 1.31109 1
-1.99708 0.99925 0.997637 0.0242082 0.00135217 1.28969 1
-1.9974 0.999333 0.997746 0.0206098 0.00115524 1.26914 1
-1.99639 0.999062 0.9975 0.0309415 0.00171875 1.24957 1
-1.9968 0.999185 0.997646 0.0268022 0.00131367 1.23014 1
-1.99742 0.999348 0.997833 0.0204713 0.000992302 1.21138 1
-1.99724 0.999298 0.997806 0.0207002 0.000826096 1.19313 1
-1.99709 0.999265 0.997794 0.025544 0.00120462 1.17593 1
-1.99768 0.999413 0.997964 0.0185229 0.000890038 1.15879 1
-1.99681 0.9992 0.997771 0.0238897 0.00108676 1.14218 1
-1.99721 0.999296 0.997887 0.0208346 0.000851449 1.12603 1
-1.9966 0.999118 0.997729 0.0303296 0.00158339 1.11092 1
-1.99726 0.999301 0.997932 0.0213238 0.000774008 1.09514 1
-1.99743 0.999338 0.997986 0.0211423 0.00111124 1.08078 1
-1.9976 0.999393 0.99806 0.0176275 0.000712146 1.066 1
-1.99714 0.999257 0.997941 0.0225985 0.00118519 1.05232 1
-1.99722 0.999286 0.997987 0.0221252 0.000972689 1.03856 1
-1.99765 0.999404 0.998128 0.0198294 0.000849048 1.0201 1
-1.9967 0.999152 0.997886 0.0250479 0.00106972 1.01227 1
-1.99731 0.999319 0.998069 0.0212222 0.000851969 0.999546 1
-1.99723 0.99929 0.998056 0.0234642 0.000911733 0.987272 1
-1.99676 0.999177 0.997957 0.025039 0.000971655 0.975221 1
-1.99761 0.999392 0.998187 0.0200869 0.000786977 0.963487 1
-1.99643 0.999089 0.997905 0.0275346 0.00125271 0.94746 1
-1.99705 0.999259 0.998082 0.0204966 0.000705545 0.940616 1
-1.99717 0.999285 0.998122 0.0237399 0.000901408 0.929932 1
-1.99729 0.999299 0.998155 0.0219198 0.000950821 0.914764 1
-1.99677 0.999182 0.998045 0.0262832 0.00103106 0.908889 1
-1.99722 0.999286 0.998163 0.0210988 0.000831523 0.89855 1
-1.99731 0.999317 0.998211 0.0209165 0.0008801 0.884186 1
-1.99732 0.999324 0.998225 0.0223196 0.000740163 0.878813 1
-1.99718 0.999277 0.99819 0.0234118 0.00100684 0.869474 1
-1.99717 0.999274 0.998199 0.0239594 0.000963611 0.860106 1
-1.99683 0.999197 0.998133 0.0244956 0.000991933 0.850869 1
-1.9976 0.999374 0.998321 0.0195025 0.000880698 0.842012 1
-1.99734 0.999313 0.998271 0.022334 0.00100968 0.833377 1
-1.99627 0.999036 0.998005 0.0289015 0.00113715 0.824685 1
-1.9972 0.999296 0.998276 0.0238557 0.000907645 0.816201 1
-1.99729 0.999318 0.998308 0.0219613 0.000793042 0.807878 1
-1.99699 0.99924 0.998245 0.0247941 0.000865173 0.795885 1
