10000
2 2.4
-1.6565--1.99612--1.99686--1.99698--1.9976-1-1.9964-1-1.9972-1-1.9976-1-1.9974--1.99728--1.99742--1.997-1--1.99691--1.99747--1.996--1-1.997-1.-1.997-1.-1.997-1.-1.997-1.-1.99-1.9-1.99-1.-1.996-1-1.9974-1-1.997-1.-1.997-1-1.9972-1-1.9970-1-1.9972-1-1.9972-1-1.9970-1-1.9970-1-1.9972-1-1.9974-1-1.9971-1-1.9972-1-1.997-1.-1.997-1.-1.997-1-1.9972-1-1.9971-1-1.9970-1-1.997
-1.99722
-1.9972
-1.99714
-1.99728
-1.99707
-1.99706
-1.99709
-1.99727
0
0
0
0
0
0
0
0
0
0
0
0
0
0
0
0
0
0
0
0
0
0
0
0
0
0
0
0
0
0
0
0
0
0
0
0
0
0
0
0
0
0
0
0
0
0
0
0
0
0
0
0
0
0
0
0
0
0
0
0
0
0
0
0
0
0
0
0
0
0
0
0
0
0
0
0
0
0
0
0
0
0
0
0
0
0
0
0
0
0
0
0
0
0
0
0
0
0
0
0
0
0
0
0
0
0
0
0
0
0
0
0
0
0
0
0
0
0
0
0
0
0
0
0
0
0
0
0
0
0
0
0
0
0
0
0
0
0
0
0
0
0
0
0
0
0
0
0
0
0


0
